Test: ../bag/obj_detection/ 293
Valid: /home/lurps/ba_schraven/datasets/obj_detection_frames/ 284
TP: [26.  0.  0.  0.  0.  0.  3.  1.  0.  0.  1.  0.  7.  0.  0.  7.  0.  1. 24.  1.  0.]
FP: [28.  0.  6. 11.  7.  9. 15.  6.  7.  0. 18.  0.  8.  2. 12. 15.  1. 14. 40. 11.  3.]
FN: [49. 19.  0. 23.  6. 22. 53. 32. 46. 32. 27. 12. 27. 23.  1. 21. 30. 16. 13. 26. 11.]
Precision: [0.48148148 0.         0.         0.         0.         0. 0.16666667 0.14285714 0.         0.         0.05263158 0. 0.46666667 0.         0.         0.31818182 0.         0.06666667 0.375      0.08333333 0.        ]
Recall: [0.34666667 0.         0.         0.         0.         0. 0.05357143 0.03030303 0.         0.         0.03571429 0. 0.20588235 0.         0.         0.25       0.         0.05882353 0.64864865 0.03703704 0.        ]
