Test: ../yolo/obj_detection/ 293
Valid: /home/lurps/ba_schraven/datasets/obj_detection_frames/ 284
TP: [5. 0. 0. 2. 2. 0. 0. 0. 0. 0. 0. 0. 1. 0. 0. 1. 0. 1. 1. 0. 0.]
FP: [11.  0.  4.  0.  4.  4.  0.  0.  1.  0. 10.  0. 21.  0.  0.  1.  0.  3.
  3.  6. 14.]
FN: [12.  0.  0.  1.  1.  3.  8.  0.  2.  4.  7.  2. 11.  2.  0.  6.  7.  9.
  4.  2.  1.]
Precision: [0.3125     0.         0.         1.         0.33333333 0.
 0.         0.         0.         0.         0.         0.
 0.04545455 0.         0.         0.5        0.         0.25
 0.25       0.         0.        ]
Recall: [0.29411765 0.         0.         0.66666667 0.66666667 0.
 0.         0.         0.         0.         0.         0.
 0.08333333 0.         0.         0.14285714 0.         0.1
 0.2        0.         0.        ]


IoU
	Backpack: 0.679875393916 with [0.6857443997661005, 0.8362172783165367, 0.6159334126040428, 0.6353332834592653, 0.6261485954318718]
	Batteries: 0 with []
	Bottle: 0 with []
	Bucket: 0.816739619091 with [0.8165683780988848, 0.8169108600827648]
	Candles: 0.920416078575 with [0.902698282910875, 0.9381338742393509]
	Drill: 0 with []
	Flipflops: 0 with []
	Hammer: 0 with []
	Helmet: 0 with []
	Keyboard: 0 with []
	Knives: 0 with []
	Marker: 0 with []
	Monitor: 0.0321914572635 with [0.032191457263459455]
	Mug: 0 with []
	Pan: 0 with []
	Scissors: 0.780140249933 with [0.7801402499325721]
	Screwdriver: 0 with []
	Sneakers: 0.834924342439 with [0.8349243424393217]
	Toys: 0.866402849228 with [0.866402849228334]
	TrashCan: 0 with []
	Webcam: 0 with []
